

Sorted file , file size is:   50
Input File: sort50.dat

  19   24   25   47   49   55   78  101  134  170  204  220  228  260  288 
 313  350  365  405  424  429  438  448  474  484  501  520  553  574  595 
 604  642  663  694  731  747  770  805  835  858  890  892  922  941  942 
 973  976 1000 1010 1034 

SELECTQUICKSORT
===============
  19   24   25   47   49   55   78  101  134  170  204  220  228  260  288 
 313  350  365  405  424  429  438  448  474  484  501  520  553  574  595 
 604  642  663  694  731  747  770  805  835  858  890  892  922  941  942 
 973  976 1000 1010 1034 

SELECTQUICKSORT. Number of operation is 2503
**********************************************

QUICKSORT
=========
  19   24   25   47   49   55   78  101  134  170  204  220  228  260  288 
 313  350  365  405  424  429  438  448  474  484  501  520  553  574  595 
 604  642  663  694  731  747  770  805  835  858  890  892  922  941  942 
 973  976 1000 1010 1034 

QuickSort. Number of operation is 4215
**********************************************


Unsorted file , file size is:   50
Input File: nsort50.dat

 473  855  551  384 1264    8 1469 1529 1655 1710 1776 1114 1630 1458 1970 
 547 1643  121   38 1277  171 1595 1032  500 1944 1299  185  851  283  119 
 895 1600 1107 1737 1067  874  725  861 1260 1361 1078 1500  916  293 1335 
 233 1497 1042  896  962 

SELECTQUICKSORT
===============
   8   38  119  121  171  185  233  283  293  384  473  500  547  551  725 
 851  855  861  874  895  896  916  962 1032 1042 1067 1078 1107 1114 1260 
1264 1277 1299 1335 1361 1458 1469 1497 1500 1529 1595 1600 1630 1643 1655 
1710 1737 1776 1944 1970 

SELECTQUICKSORT. Number of operation is 3954
**********************************************

QUICKSORT
=========
   8   38  119  121  171  185  233  283  293  384  473  500  547  551  725 
 851  855  861  874  895  896  916  962 1032 1042 1067 1078 1107 1114 1260 
1264 1277 1299 1335 1361 1458 1469 1497 1500 1529 1595 1600 1630 1643 1655 
1710 1737 1776 1944 1970 

QuickSort. Number of operation is 1972
**********************************************


Backsorted file , file size is:   50
Input File: bsort50.dat

1961 1928 1899 1897 1891 1881 1846 1843 1814 1774 1736 1724 1696 1692 1684 
1647 1646 1643 1631 1616 1583 1570 1532 1502 1488 1467 1428 1423 1406 1381 
1368 1334 1333 1298 1273 1269 1234 1219 1185 1158 1154 1116 1082 1043 1014 
1003  996  976  970  950 

SELECTQUICKSORT
===============
 950  970  976  996 1003 1014 1043 1082 1116 1154 1158 1185 1219 1234 1269 
1273 1298 1333 1334 1368 1381 1406 1423 1428 1467 1488 1502 1532 1570 1583 
1616 1631 1643 1646 1647 1684 1692 1696 1724 1736 1774 1814 1843 1846 1881 
1891 1897 1899 1928 1961 

SELECTQUICKSORT. Number of operation is 3004
**********************************************

QUICKSORT
=========
 950  970  976  996 1003 1014 1043 1082 1116 1154 1158 1185 1219 1234 1269 
1273 1298 1333 1334 1368 1381 1406 1423 1428 1467 1488 1502 1532 1570 1583 
1616 1631 1643 1646 1647 1684 1692 1696 1724 1736 1774 1814 1843 1846 1881 
1891 1897 1899 1928 1961 

QuickSort. Number of operation is 4415
**********************************************


Sorted file , file size is:  100
Input File: sort100.dat

  17   32   35   55   71   75   76   89   96  110  122  132  150  156  170 
 173  176  193  211  220  239  254  266  270  278  289  294  297  312  323 
 338  342  353  370  377  391  396  397  401  402  420  424  428  437  456 
 465  474  480  496  502  504  510  521  526  540  552  570  577  594  606 
 612  626  646  653  666  676  690  702  716  734  742  761  777  781  794 
 800  817  830  841  847  852  854  870  889  908  914  927  942  943  949 
 957  968  982  995 1007 1009 1020 1040 1041 1047 

SELECTQUICKSORT
===============
  17   32   35   55   71   75   76   89   96  110  122  132  150  156  170 
 173  176  193  211  220  239  254  266  270  278  289  294  297  312  323 
 338  342  353  370  377  391  396  397  401  402  420  424  428  437  456 
 465  474  480  496  502  504  510  521  526  540  552  570  577  594  606 
 612  626  646  653  666  676  690  702  716  734  742  761  777  781  794 
 800  817  830  841  847  852  854  870  889  908  914  927  942  943  949 
 957  968  982  995 1007 1009 1020 1040 1041 1047 

SELECTQUICKSORT. Number of operation is 6206
**********************************************

QUICKSORT
=========
  17   32   35   55   71   75   76   89   96  110  122  132  150  156  170 
 173  176  193  211  220  239  254  266  270  278  289  294  297  312  323 
 338  342  353  370  377  391  396  397  401  402  420  424  428  437  456 
 465  474  480  496  502  504  510  521  526  540  552  570  577  594  606 
 612  626  646  653  666  676  690  702  716  734  742  761  777  781  794 
 800  817  830  841  847  852  854  870  889  908  914  927  942  943  949 
 957  968  982  995 1007 1009 1020 1040 1041 1047 

QuickSort. Number of operation is 15940
**********************************************


Unsorted file , file size is:  100
Input File: nsort100.dat

 677 1395  995 1500 1676  196    9 1909 1459 1178 1644  886 1786  222  926 
1151 1031  117 1618   73 1591   71  692 1232 1972  495 1301  111  951  515 
1083  364 1295 1269  935  502 1233  313  728   61  482 1576 1824  657 1667 
1413   69 1582 1036 1182  426  278  827 1557  862 1344 1486  479  213 1632 
 254  766 1332 1111 1885  362   98  892 1058 1830  796  827 1332 1648   25 
 446 1125  505 1151  986   49 1302  836  587  983 1142  473  739  917 1894 
1732 1247  874 1841  236  618  535  316 1865  182 

SELECTQUICKSORT
===============
   9   25   49   61   69   71   73   98  111  117  182  196  213  222  236 
 254  278  313  316  362  364  426  446  473  479  482  495  502  505  515 
 535  587  618  657  677  692  728  739  766  796  827  827  836  862  874 
 886  892  917  926  935  951  983  986  995 1031 1036 1058 1083 1111 1125 
1142 1151 1151 1178 1182 1232 1233 1247 1269 1295 1301 1302 1332 1332 1344 
1395 1413 1459 1486 1500 1557 1576 1582 1591 1618 1632 1644 1648 1667 1676 
1732 1786 1824 1830 1841 1865 1885 1894 1909 1972 

SELECTQUICKSORT. Number of operation is 10108
**********************************************

QUICKSORT
=========
   9   25   49   61   69   71   73   98  111  117  182  196  213  222  236 
 254  278  313  316  362  364  426  446  473  479  482  495  502  505  515 
 535  587  618  657  677  692  728  739  766  796  827  827  836  862  874 
 886  892  917  926  935  951  983  986  995 1031 1036 1058 1083 1111 1125 
1142 1151 1151 1178 1182 1232 1233 1247 1269 1295 1301 1302 1332 1332 1344 
1395 1413 1459 1486 1500 1557 1576 1582 1591 1618 1632 1644 1648 1667 1676 
1732 1786 1824 1830 1841 1865 1885 1894 1909 1972 

QuickSort. Number of operation is 4288
**********************************************


Backsorted file , file size is:  100
Input File: bsort100.dat

1988 1974 1972 1953 1946 1935 1927 1919 1901 1900 1885 1872 1871 1870 1857 
1839 1833 1813 1808 1792 1774 1756 1741 1738 1731 1717 1701 1695 1685 1667 
1649 1642 1624 1620 1614 1613 1597 1593 1574 1558 1541 1534 1531 1519 1501 
1481 1465 1452 1441 1436 1435 1430 1420 1412 1407 1392 1375 1365 1345 1342 
1329 1320 1309 1303 1295 1294 1293 1274 1269 1256 1245 1239 1232 1221 1201 
1200 1180 1164 1158 1145 1137 1128 1117 1111 1101 1092 1084 1066 1050 1049 
1030 1028 1027 1019 1012  999  989  982  966  957 

SELECTQUICKSORT
===============
 957  966  982  989  999 1012 1019 1027 1028 1030 1049 1050 1066 1084 1092 
1101 1111 1117 1128 1137 1145 1158 1164 1180 1200 1201 1221 1232 1239 1245 
1256 1269 1274 1293 1294 1295 1303 1309 1320 1329 1342 1345 1365 1375 1392 
1407 1412 1420 1430 1435 1436 1441 1452 1465 1481 1501 1519 1531 1534 1541 
1558 1574 1593 1597 1613 1614 1620 1624 1642 1649 1667 1685 1695 1701 1717 
1731 1738 1741 1756 1774 1792 1808 1813 1833 1839 1857 1870 1871 1872 1885 
1900 1901 1919 1927 1935 1946 1953 1972 1974 1988 

SELECTQUICKSORT. Number of operation is 7076
**********************************************

QUICKSORT
=========
 957  966  982  989  999 1012 1019 1027 1028 1030 1049 1050 1066 1084 1092 
1101 1111 1117 1128 1137 1145 1158 1164 1180 1200 1201 1221 1232 1239 1245 
1256 1269 1274 1293 1294 1295 1303 1309 1320 1329 1342 1345 1365 1375 1392 
1407 1412 1420 1430 1435 1436 1441 1452 1465 1481 1501 1519 1531 1534 1541 
1558 1574 1593 1597 1613 1614 1620 1624 1642 1649 1667 1685 1695 1701 1717 
1731 1738 1741 1756 1774 1792 1808 1813 1833 1839 1857 1870 1871 1872 1885 
1900 1901 1919 1927 1935 1946 1953 1972 1974 1988 

QuickSort. Number of operation is 16340
**********************************************


Sorted file , file size is:  200
Input File: sort200.dat

  10   20   22   29   36   41   45   53   59   64   73   74   75   82   85 
  89   97  101  102  106  110  120  129  132  133  137  143  153  161  165 
 175  178  180  186  194  199  201  205  214  224  225  228  231  233  241 
 249  257  266  267  268  273  274  278  280  289  294  297  299  301  306 
 313  316  317  319  321  322  329  336  341  348  355  357  360  365  367 
 372  378  380  388  389  399  408  415  417  425  432  442  448  454  457 
 462  466  473  475  478  481  487  490  500  503  513  515  524  530  535 
 539  540  550  554  555  557  567  568  573  576  585  589  591  599  602 
 610  612  613  623  629  638  648  653  655  665  675  678  681  689  699 
 707  714  717  720  730  735  741  744  753  755  765  773  783  787  796 
 802  806  808  811  818  825  831  837  842  852  857  865  867  874  883 
 893  895  902  907  912  914  921  929  939  945  952  958  968  971  980 
 987  993 1000 1005 1009 1014 1017 1024 1025 1030 1038 1042 1049 1052 1057 
1062 1064 1066 1072 1080 

SELECTQUICKSORT
===============
  10   20   22   29   36   41   45   53   59   64   73   74   75   82   85 
  89   97  101  102  106  110  120  129  132  133  137  143  153  161  165 
 175  178  180  186  194  199  201  205  214  224  225  228  231  233  241 
 249  257  266  267  268  273  274  278  280  289  294  297  299  301  306 
 313  316  317  319  321  322  329  336  341  348  355  357  360  365  367 
 372  378  380  388  389  399  408  415  417  425  432  442  448  454  457 
 462  466  473  475  478  481  487  490  500  503  513  515  524  530  535 
 539  540  550  554  555  557  567  568  573  576  585  589  591  599  602 
 610  612  613  623  629  638  648  653  655  665  675  678  681  689  699 
 707  714  717  720  730  735  741  744  753  755  765  773  783  787  796 
 802  806  808  811  818  825  831  837  842  852  857  865  867  874  883 
 893  895  902  907  912  914  921  929  939  945  952  958  968  971  980 
 987  993 1000 1005 1009 1014 1017 1024 1025 1030 1038 1042 1049 1052 1057 
1062 1064 1066 1072 1080 

SELECTQUICKSORT. Number of operation is 14992
**********************************************

QUICKSORT
=========
  10   20   22   29   36   41   45   53   59   64   73   74   75   82   85 
  89   97  101  102  106  110  120  129  132  133  137  143  153  161  165 
 175  178  180  186  194  199  201  205  214  224  225  228  231  233  241 
 249  257  266  267  268  273  274  278  280  289  294  297  299  301  306 
 313  316  317  319  321  322  329  336  341  348  355  357  360  365  367 
 372  378  380  388  389  399  408  415  417  425  432  442  448  454  457 
 462  466  473  475  478  481  487  490  500  503  513  515  524  530  535 
 539  540  550  554  555  557  567  568  573  576  585  589  591  599  602 
 610  612  613  623  629  638  648  653  655  665  675  678  681  689  699 
 707  714  717  720  730  735  741  744  753  755  765  773  783  787  796 
 802  806  808  811  818  825  831  837  842  852  857  865  867  874  883 
 893  895  902  907  912  914  921  929  939  945  952  958  968  971  980 
 987  993 1000 1005 1009 1014 1017 1024 1025 1030 1038 1042 1049 1052 1057 
1062 1064 1066 1072 1080 

QuickSort. Number of operation is 61890
**********************************************


Unsorted file , file size is:  200
Input File: nsort200.dat

 971    1  985 1754 1826 1634 1535  147 1833  184 1778  788  320  188 1092 
 589 1549  627 1272 1111 1805  901 1642  126   90 1613 1851  237  605  545 
 961  362 1541 1027 1293 1668   87  343 1678 1419 1848 1078 1366  351 1481 
1779  699 1484 1586 1996   64  916 1361  595  852  974  212  173 1323 1166 
 340 1276 1290 1653 1315   40 1128 1274 1384 1684 1938  537  458  878 1279 
1628  987  503 1013 1512  935 1188  762  521  141 1620  735  337 1019  468 
 170 1421 1088 1135  578  936 1917  682 1727 1012   29 1775  418 1975 1990 
 713  978   35 1599 1648  265 1177  580  790 1326 1822 1159   81 1459  110 
 889  185 1728 1809  537 1620  129  684 1387 1713   77  250 1116 1475 1975 
 283  100  990  298  539  556    7 1600 1542 1457   39  387 1963 1609 1888 
1799 1199 1381  756 1558  372  711 1587 1694   73 1862 1011 1687  820  238 
 837  681 1486 1164 1078 1437  414 1433  947  145  200  599 1761 1570 1624 
 394 1547  820 1050  455 1646  660  236 1506 1074  545  663  964 1114  600 
1946  235 1263  751  759 

SELECTQUICKSORT
===============
   1    7   29   35   39   40   64   73   77   81   87   90  100  110  126 
 129  141  145  147  170  173  184  185  188  200  212  235  236  237  238 
 250  265  283  298  320  337  340  343  351  362  372  387  394  414  418 
 455  458  468  503  521  539  537  537  556  545  545  578  580  589  595 
 599  600  605  627  660  663  681  682  684  699  711  713  735  751  756 
 759  762  788  790  820  820  837  852  878  889  901  916  935  936  947 
 961  964  971  974  978  985  987  990 1011 1012 1013 1019 1027 1050 1074 
1078 1078 1088 1092 1111 1114 1116 1128 1135 1159 1164 1166 1177 1188 1199 
1263 1272 1274 1276 1279 1290 1293 1315 1323 1326 1361 1366 1381 1384 1387 
1419 1421 1433 1437 1457 1459 1475 1481 1484 1486 1506 1512 1535 1541 1542 
1547 1549 1558 1570 1586 1587 1599 1600 1609 1613 1620 1620 1624 1628 1634 
1642 1646 1648 1653 1668 1678 1684 1687 1694 1713 1727 1728 1754 1761 1775 
1778 1779 1799 1805 1809 1822 1826 1833 1848 1851 1862 1888 1917 1938 1946 
1963 1975 1975 1990 1996 

SELECTQUICKSORT. Number of operation is 24533
**********************************************

QUICKSORT
=========
   1    7   29   35   39   40   64   73   77   81   87   90  100  110  126 
 129  141  145  147  170  173  184  185  188  200  212  235  236  237  238 
 250  265  283  298  320  337  340  343  351  362  372  387  394  414  418 
 455  458  468  503  521  537  537  539  545  545  556  578  580  589  595 
 599  600  605  627  660  663  681  682  684  699  711  713  735  751  756 
 759  762  788  790  820  820  837  852  878  889  901  916  935  936  947 
 961  964  971  974  978  985  987  990 1011 1012 1013 1019 1027 1050 1074 
1078 1078 1088 1092 1111 1114 1116 1128 1135 1159 1164 1166 1177 1188 1199 
1263 1272 1274 1276 1279 1290 1293 1315 1323 1326 1361 1366 1381 1384 1387 
1419 1421 1433 1437 1457 1459 1475 1481 1484 1486 1506 1512 1535 1541 1542 
1547 1549 1558 1570 1586 1587 1599 1600 1609 1613 1620 1620 1624 1628 1634 
1642 1646 1648 1653 1668 1678 1684 1687 1694 1713 1727 1728 1754 1761 1775 
1778 1779 1799 1805 1809 1822 1826 1833 1848 1851 1862 1888 1917 1938 1946 
1963 1975 1975 1990 1996 

QuickSort. Number of operation is 9873
**********************************************


Backsorted file , file size is:  200
Input File: bsort200.dat

1990 1982 1972 1969 1968 1959 1957 1949 1941 1932 1929 1922 1921 1916 1907 
1901 1899 1897 1888 1878 1876 1872 1865 1864 1859 1851 1849 1847 1843 1835 
1825 1816 1814 1804 1798 1795 1791 1787 1778 1774 1771 1762 1755 1753 1747 
1739 1731 1726 1719 1712 1707 1700 1694 1684 1677 1668 1659 1653 1647 1638 
1629 1628 1621 1611 1605 1604 1599 1596 1587 1578 1573 1565 1560 1557 1555 
1546 1542 1536 1530 1529 1527 1524 1515 1507 1497 1492 1484 1474 1464 1463 
1456 1452 1451 1445 1440 1433 1429 1426 1424 1417 1411 1401 1392 1386 1383 
1379 1378 1376 1366 1359 1349 1339 1334 1331 1324 1323 1317 1309 1307 1298 
1292 1282 1281 1275 1265 1262 1258 1257 1253 1251 1249 1246 1245 1237 1229 
1219 1214 1209 1204 1198 1189 1179 1170 1167 1159 1153 1145 1143 1137 1128 
1118 1108 1106 1105 1104 1095 1093 1087 1082 1078 1077 1071 1063 1058 1053 
1051 1049 1042 1033 1024 1020 1013 1007 1005  999  994  990  980  975  974 
 971  961  960  953  945  942  937  936  929  920  916  912  909  908  907 
 902  892  886  882  876 

SELECTQUICKSORT
===============
 876  882  886  892  902  907  908  909  912  916  920  929  936  937  942 
 945  953  960  961  971  974  975  980  990  994  999 1005 1007 1013 1020 
1024 1033 1042 1049 1051 1053 1058 1063 1071 1077 1078 1082 1087 1093 1095 
1104 1105 1106 1108 1118 1128 1137 1143 1145 1153 1159 1167 1170 1179 1189 
1198 1204 1209 1214 1219 1229 1237 1245 1246 1249 1251 1253 1257 1258 1262 
1265 1275 1281 1282 1292 1298 1307 1309 1317 1323 1324 1331 1334 1339 1349 
1359 1366 1376 1378 1379 1383 1386 1392 1401 1411 1417 1424 1426 1429 1433 
1440 1445 1451 1452 1456 1463 1464 1474 1484 1492 1497 1507 1515 1524 1527 
1529 1530 1536 1542 1546 1555 1557 1560 1565 1573 1578 1587 1596 1599 1604 
1605 1611 1621 1628 1629 1638 1647 1653 1659 1668 1677 1684 1694 1700 1707 
1712 1719 1726 1731 1739 1747 1753 1755 1762 1771 1774 1778 1787 1791 1795 
1798 1804 1814 1816 1825 1835 1843 1847 1849 1851 1859 1864 1865 1872 1876 
1878 1888 1897 1899 1901 1907 1916 1921 1922 1929 1932 1941 1949 1957 1959 
1968 1969 1972 1982 1990 

SELECTQUICKSORT. Number of operation is 16690
**********************************************

QUICKSORT
=========
 876  882  886  892  902  907  908  909  912  916  920  929  936  937  942 
 945  953  960  961  971  974  975  980  990  994  999 1005 1007 1013 1020 
1024 1033 1042 1049 1051 1053 1058 1063 1071 1077 1078 1082 1087 1093 1095 
1104 1105 1106 1108 1118 1128 1137 1143 1145 1153 1159 1167 1170 1179 1189 
1198 1204 1209 1214 1219 1229 1237 1245 1246 1249 1251 1253 1257 1258 1262 
1265 1275 1281 1282 1292 1298 1307 1309 1317 1323 1324 1331 1334 1339 1349 
1359 1366 1376 1378 1379 1383 1386 1392 1401 1411 1417 1424 1426 1429 1433 
1440 1445 1451 1452 1456 1463 1464 1474 1484 1492 1497 1507 1515 1524 1527 
1529 1530 1536 1542 1546 1555 1557 1560 1565 1573 1578 1587 1596 1599 1604 
1605 1611 1621 1628 1629 1638 1647 1653 1659 1668 1677 1684 1694 1700 1707 
1712 1719 1726 1731 1739 1747 1753 1755 1762 1771 1774 1778 1787 1791 1795 
1798 1804 1814 1816 1825 1835 1843 1847 1849 1851 1859 1864 1865 1872 1876 
1878 1888 1897 1899 1901 1907 1916 1921 1922 1929 1932 1941 1949 1957 1959 
1968 1969 1972 1982 1990 

QuickSort. Number of operation is 62690
**********************************************
