   1 1.1000 4.208992
   2 1.1100 4.123563
   3 1.1200 4.055678
   4 1.1300 4.001876
   5 1.1400 3.959593
   6 1.1500 3.926882
   7 1.1600 3.902240
   8 1.1700 3.884482
   9 1.1800 3.872664
  10 1.1900 3.866020
  11 1.2000 3.863925
  12 1.2100 3.865863
  13 1.2200 3.871401
  14 1.2300 3.880176
  15 1.2400 3.891880
  16 1.2500 3.906250
  17 1.2600 3.923060
  18 1.2700 3.942115
  19 1.2800 3.963245
  20 1.2900 3.986301
  21 1.3000 4.011155
  22 1.3100 4.037691
  23 1.3200 4.065807
  24 1.3300 4.095415
  25 1.3400 4.126434
  26 1.3500 4.158793
  27 1.3600 4.192427
  28 1.3700 4.227278
  29 1.3800 4.263296
  30 1.3900 4.300432
  31 1.4000 4.338645
  32 1.4100 4.377896
  33 1.4200 4.418149
  34 1.4300 4.459374
  35 1.4400 4.501540
  36 1.4500 4.544622
  37 1.4600 4.588594
  38 1.4700 4.633435
  39 1.4800 4.679124
  40 1.4900 4.725641
  41 1.5000 4.772971
  42 1.5100 4.821096
  43 1.5200 4.870001
  44 1.5300 4.919674
  45 1.5400 4.970102
  46 1.5500 5.021272
  47 1.5600 5.073174
  48 1.5700 5.125798
  49 1.5800 5.179135
  50 1.5900 5.233176
  51 1.6000 5.287913
  52 1.6100 5.343339
  53 1.6200 5.399446
  54 1.6300 5.456228
  55 1.6400 5.513680
  56 1.6500 5.571795
  57 1.6600 5.630569
  58 1.6700 5.689997
  59 1.6800 5.750073
  60 1.6900 5.810795
  61 1.7000 5.872158
  62 1.7100 5.934159
  63 1.7200 5.996793
  64 1.7300 6.060059
  65 1.7400 6.123954
  66 1.7500 6.188473
  67 1.7600 6.253616
  68 1.7700 6.319379
  69 1.7800 6.385762
  70 1.7900 6.452761
  71 1.8000 6.520374
  72 1.8100 6.588601
  73 1.8200 6.657440
  74 1.8300 6.726888
  75 1.8400 6.796946
  76 1.8500 6.867612
  77 1.8600 6.938884
  78 1.8700 7.010762
  79 1.8800 7.083244
  80 1.8900 7.156331
  81 1.9000 7.230021
  82 1.9100 7.304314
  83 1.9200 7.379208
  84 1.9300 7.454705
  85 1.9400 7.530803
  86 1.9500 7.607501
  87 1.9600 7.684801
  88 1.9700 7.762700
  89 1.9800 7.841200
  90 1.9900 7.920300
  91 2.0000 8.000000
S=5.483244
